2151 4678 1777 9735 6543 8577 1675 2359 2978 3093 
3127 1691 2041 544 147 9120 2961 3327 7575 4437 
707 6999 9049 3954 5300 48 7815 2188 3571 9313 
2006 1573 8178 9984 1300 1568 8007 3084 5969 7706 
5273 9313 5025 6654 7923 7055 6970 6861 3086 9650 
2140 3072 9635 669 1735 1733 3838 9813 8232 7176 
4361 1159 4065 9336 504 3946 3691 8862 502 146 
8965 1763 1313 2452 907 1109 60 2888 3297 8559 
2410 2557 6836 314 3608 8894 2152 9862 5915 4845 
9690 5374 4632 7365 2804 8690 9554 2634 6684 8474 
4087 5960 3924 600 4963 7469 18 9665 4260 4718 
6062 7828 9187 6965 4166 4622 7318 9272 4985 9609 
6852 7486 7306 3547 6068 4499 3159 6121 6657 6647 
6308 1680 6670 6054 8038 5184 9044 6587 9980 7245 
8237 15 8260 7786 3105 1699 4369 9515 1570 529 
