1768 3834 8729 7465 3878 2013 8701 2648 9885 7010 
8385 531 3769 3127 8079 6971 2055 6762 4005 2145 
8701 3875 3365 9226 7906 4768 3850 9250 8121 8555 
2826 1478 2321 7810 8191 985 8007 1493 1390 9713 
9171 4643 7393 1213 137 3539 6360 9925 4941 9241 
6737 5806 3608 6928 6050 1019 3139 2752 8621 6690 
1869 8686 1000 3685 466 2143 9767 3566 8929 1549 
905 3725 8300 5950 5782 8478 7083 2904 8690 5232 
974 6805 7602 634 8640 7204 1428 5112 2505 5056 
5425 6662 1778 9659 5019 6026 1995 1999 1716 6318 
4347 9146 2332 448 5061 6611 9051 3221 8685 8577 
686 2176 7487 496 6089 418 4647 9069 3650 5289 
9097 1349 5434 9055 7036 7696 8792 9639 8481 303 
4768 297 7311 9916 3422 9651 9246 740 4185 1165 
9503 1377 1583 5351 5937 111 6762 5373 2908 6627 
4809 4857 9368 4876 5484 3129 9101 5932 3440 8056 
