1593 2801 404 7047 850 8552 1973 6204 2701 1951 
2600 2870 9783 5662 9362 540 5288 3660 7265 5482 
8337 5626 4681 7569 7296 242 8373 9975 1621 2434 
9144 722 2785 1945 8324 4654 5442 9857 7745 4906 
1043 2914 6724 828 9513 5456 5072 5051 5345 3910 
1750 1754 8094 2767 5700 7457 9109 1798 2676 2877 
7207 3726 6786 6291 908 25 7340 2127 4817 2831 
6520 9780 9828 5856 4511 1047 1671 884 4614 2355 
6848 7758 9254 6261 9558 4319 6583 2241 5526 3495 
7787 7791 739 4040 5029 8556 8302 5127 1444 3925 
704 8959 2826 4115 9206 2015 8552 5996 404 8331 
2529 1452 6080 6158 3814 2956 3313 2211 5670 7240 
6001 3256 4773 1759 6009 6496 7003 2952 224 7130 
9577 8284 2503 4428 6330 3800 4230 73 6444 3103 
3588 8743 2819 7909 3537 3251 5760 6619 4854 9807 
386 3989 119 1879 1753 5148 4680 6907 3322 1501 
4907 9839 4231 9411 639 8586 7492 2333 9882 1745 
